14.285462
0.000000
0.000000
0.000000
0.000000
0.000000
0.000000
0.000000
0.000000
0.000000
22.184212
0.000000
0.000000
0.000000
0.000000
0.000000
0.000000
0.000000
0.000000
0.000000
0.000000
0.000000
0.000000
0.000000
0.000000
0.000000
0.000000
0.000000
0.000000
0.000000
0.000000
15.995484
109.335961
14.698450
0.000000
0.000000
0.000000
0.000000
0.000000
0.000000
0.000000
0.000000
23.001475
0.000000
0.000000
0.000000
0.000000
0.000000
0.000000
0.000000
0.000000
0.000000
0.000000
0.000000
0.000000
0.000000
0.000000
0.000000
0.000000
0.000000
0.000000
0.000000
0.000000
35.587679
4.890319
0.000000
0.000000
0.000000
0.000000
0.000000
0.000000
0.000000
0.000000
63.605671
41.731826
0.000000
0.000000
0.000000
0.000000
0.000000
0.000000
0.000000
0.000000
5.837951
7.005540
0.000000
0.000000
0.000000
0.000000
0.000000
0.000000
0.000000
0.000000
0.000000
0.000000
0.000000
0.000000
0.000000
0.000000
0.000000
0.000000
0.000000
0.000000
0.000000
0.000000
46.800282
0.000000
0.000000
0.000000
0.000000
0.000000
0.000000
0.000000
0.000000
0.000000
0.000000
0.000000
0.000000
0.000000
0.000000
0.000000
0.000000
0.000000
0.000000
0.000000
0.000000
0.000000
0.000000
0.000000
0.000000
0.000000
0.000000
0.000000
0.000000
0.000000
0.000000
0.000000
0.000000
0.000000
0.000000
0.000000
0.000000
0.000000
0.000000
0.000000
0.000000
0.000000
0.000000
0.000000
0.000000
0.000000
0.000000
0.000000
0.000000
0.000000
0.000000
0.000000
0.000000
0.000000
0.000000
0.000000
0.000000
0.000000
0.000000
0.000000
0.000000
0.000000
0.000000
0.000000
0.000000
0.000000
0.000000
0.000000
0.000000
0.000000
0.000000
0.000000
0.000000
5.625700
102.778419
0.000000
0.000000
0.000000
0.000000
0.000000
0.000000
0.000000
0.000000
0.000000
38.696684
0.000000
0.000000
0.000000
0.000000
0.000000
0.000000
0.000000
0.000000
0.000000
0.000000
0.000000
0.000000
0.000000
0.000000
0.000000
0.000000
0.000000
0.000000
0.000000
0.000000
119.094191
11.675901
0.000000
0.000000
0.000000
0.000000
0.000000
0.000000
0.000000
0.000000
1.167590
47.101319
0.000000
0.000000
0.000000
0.000000
0.000000
0.000000
0.000000
0.000000
0.000000
47.365991
54.518793
4.767665
0.000000
0.000000
0.000000
0.000000
0.000000
0.000000
0.000000
22.958850
35.883118
0.000000
0.000000
0.000000
0.000000
0.000000
0.000000
0.000000
0.000000
0.000000
1.052450
47.505016
0.000000
0.000000
0.000000
0.000000
0.000000
0.000000
0.000000
0.000000
0.000000
137.512737
0.000000
0.000000
0.000000
0.000000
0.000000
0.000000
0.000000
0.000000
0.000000
104.265531
82.700122
0.000000
0.000000
0.000000
0.000000
0.000000
0.000000
0.000000
0.000000
3.502770
46.703607
0.000000
0.000000
0.000000
0.000000
0.000000
0.000000
0.000000
0.000000
0.000000
70.888713
7.546850
0.000000
0.000000
0.000000
0.000000
0.000000
0.000000
0.000000
0.000000
1.392253
41.794254
0.000000
0.000000
0.000000
0.000000
0.000000
0.000000
0.000000
0.000000
0.000000
6.349610
48.658193
0.000000
0.000000
0.000000
0.000000
0.000000
0.000000
0.000000
0.000000
0.000000
9.965009
15.512739
0.000000
0.000000
0.000000
0.000000
0.000000
0.000000
0.000000
0.000000
25.326258
0.000000
0.000000
0.000000
0.000000
0.000000
0.000000
0.000000
0.000000
0.000000
8.173131
72.830563
0.000000
0.000000
0.000000
0.000000
0.000000
0.000000
0.000000
0.000000
0.000000
34.332377
45.357424
0.000000
0.000000
0.000000
0.000000
0.000000
0.000000
0.000000
0.000000
10.508311
5.342822
0.000000
0.000000
0.000000
0.000000
0.000000
0.000000
0.000000
0.000000
0.000000
100.978322
5.944592
0.000000
0.000000
0.000000
0.000000
0.000000
0.000000
0.000000
0.000000
0.000000
47.953646
0.000000
0.000000
0.000000
0.000000
0.000000
0.000000
0.000000
0.000000
0.000000
0.000000
0.000000
0.000000
0.000000
0.000000
0.000000
0.000000
0.000000
0.000000
0.000000
0.000000
28.022167
0.000000
0.000000
0.000000
0.000000
0.000000
0.000000
0.000000
0.000000
0.000000
0.000000
72.200413
0.000000
0.000000
0.000000
0.000000
0.000000
0.000000
0.000000
0.000000
0.000000
3.502770
0.000000
0.000000
0.000000
0.000000
0.000000
0.000000
0.000000
0.000000
0.000000
0.000000
10.508312
0.000000
0.000000
0.000000
0.000000
0.000000
0.000000
0.000000
0.000000
0.000000
11.227174
0.000000
0.000000
0.000000
0.000000
0.000000
0.000000
0.000000
0.000000
0.000000
0.000000
0.329566
0.000000
0.000000
0.000000
0.000000
0.000000
0.000000
0.000000
0.000000
0.000000
40.566003
43.980350
0.000000
0.000000
0.000000
0.000000
0.000000
0.000000
0.000000
0.000000
29.140014
73.044022
44.255067
0.000000
0.000000
0.000000
0.000000
0.000000
0.000000
0.000000
0.000000
52.350617
14.897548
0.000000
0.000000
0.000000
0.000000
0.000000
0.000000
0.000000
0.000000
24.519393
27.292869
0.000000
0.000000
0.000000
0.000000
0.000000
0.000000
0.000000
0.000000
0.000000
78.455717
84.066488
0.000000
0.000000
0.000000
0.000000
0.000000
0.000000
0.000000
0.000000
7.005540
218.209960
2.767588
0.000000
0.000000
0.000000
0.000000
0.000000
0.000000
0.000000
0.000000
49.484973
6.799116
0.000000
0.000000
0.000000
0.000000
0.000000
0.000000
0.000000
0.000000
4.670360
13.863599
0.000000
0.000000
0.000000
0.000000
0.000000
0.000000
0.000000
0.000000
0.000000
55.571532
23.276505
0.000000
0.000000
0.000000
0.000000
0.000000
0.000000
0.000000
0.000000
29.179101
20.759544
0.000000
0.000000
0.000000
0.000000
0.000000
0.000000
0.000000
0.000000
0.000000
87.480701
15.789240
0.000000
0.000000
0.000000
0.000000
0.000000
0.000000
0.000000
0.000000
3.502770
92.347155
0.000000
0.000000
0.000000
0.000000
0.000000
0.000000
0.000000
0.000000
0.000000
20.999432
31.081186
7.001812
0.000000
0.000000
0.000000
0.000000
0.000000
0.000000
0.000000
0.000000
97.095943
36.114677
0.000000
0.000000
0.000000
0.000000
0.000000
0.000000
0.000000
0.000000
23.406752
92.689740
36.628563
0.000000
0.000000
0.000000
0.000000
0.000000
0.000000
0.000000
0.000000
90.511917
188.946919
0.000000
0.000000
0.000000
0.000000
0.000000
0.000000
0.000000
0.000000
31.763335
2.440784
0.000000
0.000000
0.000000
0.000000
0.000000
0.000000
0.000000
0.000000
0.000000
2.335180
0.000000
0.000000
0.000000
0.000000
0.000000
0.000000
0.000000
0.000000
0.000000
5.837951
103.915518
0.000000
0.000000
0.000000
0.000000
0.000000
0.000000
0.000000
0.000000
0.000000
7.005541
6.518884
0.000000
0.000000
0.000000
0.000000
0.000000
0.000000
0.000000
0.000000
0.000000
19.882810
65.344239
0.000000
0.000000
0.000000
0.000000
0.000000
0.000000
0.000000
0.000000
4.213790
96.779626
0.000000
0.000000
0.000000
0.000000
0.000000
0.000000
0.000000
0.000000
25.185666
146.882614
0.000000
0.000000
0.000000
0.000000
0.000000
0.000000
0.000000
0.000000
0.000000
39.427232
45.536013
0.000000
0.000000
0.000000
0.000000
0.000000
0.000000
0.000000
0.000000
5.837951
21.137125
0.000000
0.000000
0.000000
0.000000
0.000000
0.000000
0.000000
0.000000
0.000000
21.512833
0.000000
0.000000
0.000000
0.000000
0.000000
0.000000
0.000000
0.000000
0.000000
4.670361
2.505699
0.000000
0.000000
0.000000
0.000000
0.000000
0.000000
0.000000
0.000000
0.000000
75.976798
0.000000
0.000000
0.000000
0.000000
0.000000
0.000000
0.000000
0.000000
0.000000
0.000000
28.408328
22.286318
0.000000
0.000000
0.000000
0.000000
0.000000
0.000000
0.000000
0.000000
13.350383
2.958686
0.000000
0.000000
0.000000
0.000000
0.000000
0.000000
0.000000
0.000000
34.534776
73.202631
0.000000
0.000000
0.000000
0.000000
0.000000
0.000000
0.000000
0.000000
0.000000
26.759983
0.000000
0.000000
0.000000
0.000000
0.000000
0.000000
0.000000
0.000000
0.000000
0.000000
47.446768
54.976400
0.000000
0.000000
0.000000
0.000000
0.000000
0.000000
0.000000
0.000000
0.000000
35.461721
14.334281
0.000000
0.000000
0.000000
0.000000
0.000000
0.000000
0.000000
0.000000
49.448767
40.002346
0.000000
0.000000
0.000000
0.000000
0.000000
0.000000
0.000000
0.000000
16.132759
63.251998
0.000000
0.000000
0.000000
0.000000
0.000000
0.000000
0.000000
0.000000
0.000000
48.252810
9.340721
0.000000
0.000000
0.000000
0.000000
0.000000
0.000000
0.000000
0.000000
2.335180
48.790372
0.000000
0.000000
0.000000
0.000000
0.000000
0.000000
0.000000
0.000000
0.000000
52.400456
0.000000
0.000000
0.000000
0.000000
0.000000
0.000000
0.000000
0.000000
0.000000
0.000000
42.638707
118.855270
0.000000
0.000000
0.000000
0.000000
0.000000
0.000000
0.000000
0.000000
29.621184
180.737571
0.000000
0.000000
0.000000
0.000000
0.000000
0.000000
0.000000
0.000000
7.510400
58.284860
0.000000
0.000000
0.000000
0.000000
0.000000
0.000000
0.000000
0.000000
0.000000
0.000000
12.319822
0.000000
0.000000
0.000000
0.000000
0.000000
0.000000
0.000000
0.000000
0.000000
28.215251
0.000000
0.000000
0.000000
0.000000
0.000000
0.000000
0.000000
0.000000
0.000000
8.173131
0.000000
0.000000
0.000000
0.000000
0.000000
0.000000
0.000000
0.000000
0.000000
8.173131
61.630894
0.000000
0.000000
0.000000
0.000000
0.000000
0.000000
0.000000
0.000000
0.000000
98.649617
26.908530
0.000000
0.000000
0.000000
0.000000
0.000000
0.000000
0.000000
0.000000
4.670360
24.519394
0.000000
0.000000
0.000000
0.000000
0.000000
0.000000
0.000000
0.000000
0.000000
4.481612
52.581472
0.000000
0.000000
0.000000
0.000000
0.000000
0.000000
0.000000
0.000000
0.000000
0.000000
0.000000
0.000000
0.000000
0.000000
0.000000
0.000000
0.000000
0.000000
0.000000
0.000000
4.554820
4.153832
0.000000
0.000000
0.000000
0.000000
0.000000
0.000000
0.000000
0.000000
0.250249
17.863831
0.000000
0.000000
0.000000
0.000000
0.000000
0.000000
0.000000
0.000000
0.000000
38.130349
20.040584
0.000000
0.000000
0.000000
0.000000
0.000000
0.000000
0.000000
0.000000
111.392425
3.359543
0.000000
0.000000
0.000000
0.000000
0.000000
0.000000
0.000000
0.000000
2.417003
1.828408
13.439682
0.000000
0.000000
0.000000
0.000000
0.000000
0.000000
0.000000
0.000000
17.673638
9.046283
0.000000
0.000000
0.000000
0.000000
0.000000
0.000000
0.000000
0.000000
7.005539
79.644209
0.000000
0.000000
0.000000
0.000000
0.000000
0.000000
0.000000
0.000000
0.000000
176.399016
144.559213
0.000000
0.000000
0.000000
0.000000
0.000000
0.000000
0.000000
0.000000
5.837951
135.230554
0.000000
0.000000
0.000000
0.000000
0.000000
0.000000
0.000000
0.000000
0.000000
46.193846
55.459553
0.000000
0.000000
0.000000
0.000000
0.000000
0.000000
0.000000
0.000000
8.296023
93.692095
0.000000
0.000000
0.000000
0.000000
0.000000
0.000000
0.000000
0.000000
0.000000
108.268860
42.415549
0.000000
0.000000
0.000000
0.000000
0.000000
0.000000
0.000000
0.000000
0.000000
12.420924
13.613557
0.000000
0.000000
0.000000
0.000000
0.000000
0.000000
0.000000
0.000000
17.135885
0.000000
0.000000
0.000000
0.000000
0.000000
0.000000
0.000000
0.000000
0.000000
26.209998
49.431162
0.000000
0.000000
0.000000
0.000000
0.000000
0.000000
0.000000
0.000000
0.000000
61.296169
89.288459
0.000000
0.000000
0.000000
0.000000
0.000000
0.000000
0.000000
0.000000
0.000000
29.030147
0.000000
0.000000
0.000000
0.000000
0.000000
0.000000
0.000000
0.000000
0.000000
93.524842
7.057853
0.000000
0.000000
0.000000
0.000000
0.000000
0.000000
0.000000
0.000000
0.000000
0.000000
0.000000
0.000000
0.000000
0.000000
0.000000
0.000000
0.000000
0.000000
0.000000
0.000000
0.000000
0.000000
0.000000
0.000000
0.000000
0.000000
0.000000
0.000000
0.000000
0.000000
2.335179
8.173131
0.000000
0.000000
0.000000
0.000000
0.000000
0.000000
0.000000
0.000000
0.000000
49.162147
0.000000
0.000000
0.000000
0.000000
0.000000
0.000000
0.000000
0.000000
0.000000
68.775563
4.372815
0.000000
0.000000
0.000000
0.000000
0.000000
0.000000
0.000000
0.000000
1.167590
117.975278
4.877869
0.000000
0.000000
0.000000
0.000000
0.000000
0.000000
0.000000
0.000000
124.351559
44.933391
0.000000
0.000000
0.000000
0.000000
0.000000
0.000000
0.000000
0.000000
9.340721
90.379854
2.878344
0.000000
0.000000
0.000000
0.000000
0.000000
0.000000
0.000000
0.000000
12.750951
62.519202
0.000000
0.000000
0.000000
0.000000
0.000000
0.000000
0.000000
0.000000
1.167590
97.157085
0.000000
0.000000
0.000000
0.000000
0.000000
0.000000
0.000000
0.000000
0.000000
47.977386
59.550307
0.000000
0.000000
0.000000
0.000000
0.000000
0.000000
0.000000
0.000000
0.000000
0.000000
0.000000
0.000000
0.000000
0.000000
0.000000
0.000000
0.000000
0.000000
0.000000
31.524933
0.000000
0.000000
0.000000
0.000000
0.000000
0.000000
0.000000
0.000000
0.000000
0.000000
129.778423
13.709903
0.000000
0.000000
0.000000
0.000000
0.000000
0.000000
0.000000
0.000000
70.079523
43.357294
0.000000
0.000000
0.000000
0.000000
0.000000
0.000000
0.000000
0.000000
0.000000
58.530934
0.000000
0.000000
0.000000
0.000000
0.000000
0.000000
0.000000
0.000000
0.000000
45.919862
10.748044
0.000000
0.000000
0.000000
0.000000
0.000000
0.000000
0.000000
0.000000
3.206831
71.708288
0.000000
0.000000
0.000000
0.000000
0.000000
0.000000
0.000000
0.000000
0.000000
1.167591
22.184214
0.000000
0.000000
0.000000
0.000000
0.000000
0.000000
0.000000
0.000000
24.519389
2.335180
0.000000
0.000000
0.000000
0.000000
0.000000
0.000000
0.000000
0.000000
0.000000
0.000000
0.000000
0.000000
0.000000
0.000000
0.000000
0.000000
0.000000
0.000000
0.000000
0.000000
15.264279
0.000000
0.000000
0.000000
0.000000
0.000000
0.000000
0.000000
0.000000
0.000000
29.593052
85.030848
0.000000
0.000000
0.000000
0.000000
0.000000
0.000000
0.000000
0.000000
0.000000
97.359622
34.724316
0.000000
0.000000
0.000000
0.000000
0.000000
0.000000
0.000000
0.000000
9.340721
131.937682
0.000000
0.000000
0.000000
0.000000
0.000000
0.000000
0.000000
0.000000
0.000000
51.373985
65.929426
0.000000
0.000000
0.000000
0.000000
0.000000
0.000000
0.000000
0.000000
1.167590
92.871263
47.281420
0.000000
0.000000
0.000000
0.000000
0.000000
0.000000
0.000000
0.000000
13.533541
6.417214
0.000000
0.000000
0.000000
0.000000
0.000000
0.000000
0.000000
0.000000
0.000000
5.690095
0.000000
0.000000
0.000000
0.000000
0.000000
0.000000
0.000000
0.000000
0.000000
23.351802
0.000000
0.000000
0.000000
0.000000
0.000000
0.000000
0.000000
0.000000
0.000000
0.000000
0.000000
0.000000
0.000000
0.000000
0.000000
0.000000
0.000000
0.000000
0.000000
0.000000
23.351803
0.000000
0.000000
0.000000
0.000000
0.000000
0.000000
0.000000
0.000000
0.000000
0.000000
2.481321
36.636944
0.000000
0.000000
0.000000
0.000000
0.000000
0.000000
0.000000
0.000000
3.196266
19.733754
0.000000
0.000000
0.000000
0.000000
0.000000
0.000000
0.000000
0.000000
1.167588
0.258501
31.931531
0.000000
0.000000
0.000000
0.000000
0.000000
0.000000
0.000000
0.000000
49.394694
35.070149
0.000000
0.000000
0.000000
0.000000
0.000000
0.000000
0.000000
0.000000
4.722462
59.574219
0.000000
0.000000
0.000000
0.000000
0.000000
0.000000
0.000000
0.000000
0.000000
12.143588
7.005542
0.000000
0.000000
0.000000
0.000000
0.000000
0.000000
0.000000
0.000000
0.000000
0.000000
0.000000
0.000000
0.000000
0.000000
0.000000
0.000000
0.000000
0.000000
0.000000
0.000000
0.000000
0.000000
0.000000
0.000000
0.000000
0.000000
0.000000
0.000000
0.000000
0.000000
31.682308
36.602683
0.000000
0.000000
0.000000
0.000000
0.000000
0.000000
0.000000
0.000000
0.000000
0.326956
41.455544
0.000000
0.000000
0.000000
0.000000
0.000000
0.000000
0.000000
0.000000
54.291832
84.707212
0.000000
0.000000
0.000000
0.000000
0.000000
0.000000
0.000000
0.000000
1.159420
6.686147
0.000000
0.000000
0.000000
0.000000
0.000000
0.000000
0.000000
0.000000
0.000000
5.368273
4.369991
0.000000
0.000000
0.000000
0.000000
0.000000
0.000000
0.000000
0.000000
0.000000
29.650658
0.000000
0.000000
0.000000
0.000000
0.000000
0.000000
0.000000
0.000000
0.000000
74.725767
0.000000
0.000000
0.000000
0.000000
0.000000
0.000000
0.000000
0.000000
0.000000
0.000000
20.395672
0.000000
0.000000
0.000000
0.000000
0.000000
0.000000
0.000000
0.000000
0.000000
5.837950
0.000000
0.000000
0.000000
0.000000
0.000000
0.000000
0.000000
0.000000
0.000000
0.000000
30.357343
3.839929
0.000000
0.000000
0.000000
0.000000
0.000000
0.000000
0.000000
0.000000
16.061126
52.069839
0.000000
0.000000
0.000000
0.000000
0.000000
0.000000
0.000000
0.000000
1.400737
59.238983
0.000000
0.000000
0.000000
0.000000
0.000000
0.000000
0.000000
0.000000
0.000000
95.915160
3.371741
0.000000
0.000000
0.000000
0.000000
0.000000
0.000000
0.000000
0.000000
10.490862
7.421012
48.119472
0.000000
0.000000
0.000000
0.000000
0.000000
0.000000
0.000000
0.000000
118.237241
31.977660
0.000000
0.000000
0.000000
0.000000
0.000000
0.000000
0.000000
0.000000
14.659474
21.908237
0.000000
0.000000
0.000000
0.000000
0.000000
0.000000
0.000000
0.000000
0.000000
74.098205
13.041769
0.000000
0.000000
0.000000
0.000000
0.000000
0.000000
0.000000
0.000000
0.000000
0.000000
0.000000
0.000000
0.000000
0.000000
0.000000
0.000000
0.000000
0.000000
0.000000
0.000000
0.000000
0.000000
0.000000
0.000000
0.000000
0.000000
0.000000
0.000000
0.000000
0.000000
2.977846
52.486585
0.000000
0.000000
0.000000
0.000000
0.000000
0.000000
0.000000
0.000000
18.689277
17.049049
24.067805
0.000000
0.000000
0.000000
0.000000
0.000000
0.000000
0.000000
0.000000
22.388592
0.296972
0.000000
0.000000
0.000000
0.000000
0.000000
0.000000
0.000000
0.000000
3.502771
11.675900
0.000000
0.000000
0.000000
0.000000
0.000000
0.000000
0.000000
0.000000
0.000000
65.746613
25.110163
0.000000
0.000000
0.000000
0.000000
0.000000
0.000000
0.000000
0.000000
0.000000
110.601019
18.719810
0.000000
0.000000
0.000000
0.000000
0.000000
0.000000
0.000000
0.000000
28.160630
96.869408
0.000000
0.000000
0.000000
0.000000
0.000000
0.000000
0.000000
0.000000
0.588578
36.880424
0.000000
0.000000
0.000000
0.000000
0.000000
0.000000
0.000000
0.000000
0.000000
106.250700
11.675901
0.000000
0.000000
0.000000
0.000000
0.000000
0.000000
0.000000
0.000000
3.502770
43.361854
40.574491
0.000000
0.000000
0.000000
0.000000
0.000000
0.000000
0.000000
0.000000
48.680795
70.072408
0.000000
0.000000
0.000000
0.000000
0.000000
0.000000
0.000000
0.000000
0.000000
87.200521
11.600351
0.000000
0.000000
0.000000
0.000000
0.000000
0.000000
0.000000
0.000000
100.968544
112.721958
0.000000
0.000000
0.000000
0.000000
0.000000
0.000000
0.000000
0.000000
3.502771
13.273679
0.000000
0.000000
0.000000
0.000000
0.000000
0.000000
0.000000
0.000000
0.000000
0.845284
7.403514
0.000000
0.000000
0.000000
0.000000
0.000000
0.000000
0.000000
0.000000
0.000000
79.124048
40.506342
0.000000
0.000000
0.000000
0.000000
0.000000
0.000000
0.000000
0.000000
44.425061
4.066684
0.000000
0.000000
0.000000
0.000000
0.000000
0.000000
0.000000
0.000000
0.000000
0.000000
0.000000
0.000000
0.000000
0.000000
0.000000
0.000000
0.000000
0.000000
0.000000
0.000000
18.681442
0.000000
0.000000
0.000000
0.000000
0.000000
0.000000
0.000000
0.000000
0.000000
11.746779
30.819582
0.000000
0.000000
0.000000
0.000000
0.000000
0.000000
0.000000
0.000000
0.000000
46.997693
51.924629
0.000000
0.000000
0.000000
0.000000
0.000000
0.000000
0.000000
0.000000
36.732713
20.586334
73.631760
0.000000
0.000000
0.000000
0.000000
0.000000
0.000000
0.000000
22.197828
44.955109
0.000000
0.000000
0.000000
0.000000
0.000000
0.000000
0.000000
0.000000
0.000000
2.580599
3.502770
0.000000
0.000000
0.000000
0.000000
0.000000
0.000000
0.000000
0.000000
5.837951
61.882277
2.735143
0.000000
0.000000
0.000000
0.000000
0.000000
0.000000
0.000000
0.000000
37.362881
20.431822
0.000000
0.000000
0.000000
0.000000
0.000000
0.000000
0.000000
0.000000
0.000000
21.995656
0.000000
0.000000
0.000000
0.000000
0.000000
0.000000
0.000000
0.000000
0.000000
16.346261
38.530475
0.000000
0.000000
0.000000
0.000000
0.000000
0.000000
0.000000
0.000000
7.991547
50.584991
0.000000
0.000000
0.000000
0.000000
0.000000
0.000000
0.000000
0.000000
0.000000
26.358378
19.482827
0.000000
0.000000
0.000000
0.000000
0.000000
0.000000
0.000000
0.000000
0.000000
9.349291
0.000000
0.000000
0.000000
0.000000
0.000000
0.000000
0.000000
0.000000
0.000000
10.001558
2.795723
0.000000
0.000000
0.000000
0.000000
0.000000
0.000000
0.000000
0.000000
4.670361
132.879797
0.000000
0.000000
0.000000
0.000000
0.000000
0.000000
0.000000
0.000000
0.000000
38.758582
16.526512
0.000000
0.000000
0.000000
0.000000
0.000000
0.000000
0.000000
0.000000
52.962478
1.813220
0.000000
0.000000
0.000000
0.000000
0.000000
0.000000
0.000000
0.000000
0.000000
6.397393
25.402822
0.000000
0.000000
0.000000
0.000000
0.000000
0.000000
0.000000
0.000000
0.000000
0.000000
0.000000
0.000000
0.000000
0.000000
0.000000
0.000000
0.000000
0.000000
0.000000
0.000000
23.272741
6.447062
0.000000
0.000000
0.000000
0.000000
0.000000
0.000000
0.000000
0.000000
57.415352
52.301647
12.319312
0.000000
0.000000
0.000000
0.000000
0.000000
0.000000
0.000000
24.863840
37.263382
2.316854
0.000000
0.000000
0.000000
0.000000
0.000000
0.000000
0.000000
0.000000
0.000000
1.167590
0.000000
0.000000
0.000000
0.000000
0.000000
0.000000
0.000000
0.000000
5.837951
40.404222
0.000000
0.000000
0.000000
0.000000
0.000000
0.000000
0.000000
0.000000
0.000000
70.055408
37.312073
10.712644
0.000000
0.000000
0.000000
0.000000
0.000000
0.000000
0.000000
17.513852
54.697580
0.000000
0.000000
0.000000
0.000000
0.000000
0.000000
0.000000
0.000000
0.000000
52.545182
98.731001
0.000000
0.000000
0.000000
0.000000
0.000000
0.000000
0.000000
0.000000
35.173607
107.296601
0.000000
0.000000
0.000000
0.000000
0.000000
0.000000
0.000000
0.000000
0.000000
7.171088
44.323767
0.000000
0.000000
0.000000
0.000000
0.000000
0.000000
0.000000
0.000000
26.319637
2.889150
0.000000
0.000000
0.000000
0.000000
0.000000
0.000000
0.000000
0.000000
0.000000
56.825284
68.315779
0.000000
0.000000
0.000000
0.000000
0.000000
0.000000
0.000000
0.000000
0.000000
0.024670
46.343431
0.000000
0.000000
0.000000
0.000000
0.000000
0.000000
0.000000
0.000000
21.489867
41.580516
0.000000
0.000000
0.000000
0.000000
0.000000
0.000000
0.000000
0.000000
19.116597
18.518736
0.000000
0.000000
0.000000
0.000000
0.000000
0.000000
0.000000
0.000000
0.000000
22.184212
57.558112
0.000000
0.000000
0.000000
0.000000
0.000000
0.000000
0.000000
0.000000
0.000000
97.538668
54.203098
0.000000
0.000000
0.000000
0.000000
0.000000
0.000000
0.000000
0.000000
16.346264
11.052652
0.000000
0.000000
0.000000
0.000000
0.000000
0.000000
0.000000
0.000000
0.000000
0.020104
0.000000
0.000000
0.000000
0.000000
0.000000
0.000000
0.000000
0.000000
0.000000
0.000000
0.000000
0.000000
0.000000
0.000000
0.000000
0.000000
0.000000
0.000000
0.000000
0.000000
5.857699
47.658005
0.000000
0.000000
0.000000
0.000000
0.000000
0.000000
0.000000
0.000000
0.000000
29.189756
0.000000
0.000000
0.000000
0.000000
0.000000
0.000000
0.000000
0.000000
0.000000
109.735136
26.854572
0.000000
0.000000
0.000000
0.000000
0.000000
0.000000
0.000000
0.000000
19.874492
30.778033
0.000000
0.000000
0.000000
0.000000
0.000000
0.000000
0.000000
0.000000
0.000000
20.871581
70.471247
0.000000
0.000000
0.000000
0.000000
0.000000
0.000000
0.000000
0.000000
25.686983
40.826548
0.000000
0.000000
0.000000
0.000000
0.000000
0.000000
0.000000
0.000000
0.000000
112.778782
39.011731
0.000000
0.000000
0.000000
0.000000
0.000000
0.000000
0.000000
0.000000
0.675259
10.330089
0.000000
0.000000
0.000000
0.000000
0.000000
0.000000
0.000000
0.000000
0.000000
26.897565
117.982289
0.139107
0.000000
0.000000
0.000000
0.000000
0.000000
0.000000
0.000000
9.237245
83.796479
54.922242
0.000000
0.000000
0.000000
0.000000
0.000000
0.000000
0.000000
0.000000
14.640821
36.450732
0.000000
0.000000
0.000000
0.000000
0.000000
0.000000
0.000000
0.000000
0.000000
53.940096
8.502095
0.000000
0.000000
0.000000
0.000000
0.000000
0.000000
0.000000
0.000000
30.829822
29.589394
0.000000
0.000000
0.000000
0.000000
0.000000
0.000000
0.000000
0.000000
0.000000
23.351802
0.000000
0.000000
0.000000
0.000000
0.000000
0.000000
0.000000
0.000000
0.000000
26.854571
32.831080
0.000000
0.000000
0.000000
0.000000
0.000000
0.000000
0.000000
0.000000
17.513854
114.568403
0.000000
0.000000
0.000000
0.000000
0.000000
0.000000
0.000000
0.000000
0.000000
163.276929
45.097089
0.000000
0.000000
0.000000
0.000000
0.000000
0.000000
0.000000
0.000000
0.000000
0.000000
0.000000
0.000000
0.000000
0.000000
0.000000
0.000000
0.000000
0.000000
0.000000
0.000000
0.000000
0.000000
0.000000
0.000000
0.000000
0.000000
0.000000
0.000000
0.000000
0.000000
52.310989
70.141178
0.000000
0.000000
0.000000
0.000000
0.000000
0.000000
0.000000
0.000000
2.156531
7.532258
0.000000
0.000000
0.000000
0.000000
0.000000
0.000000
0.000000
0.000000
0.000000
39.744117
148.108899
0.000000
0.000000
0.000000
0.000000
0.000000
0.000000
0.000000
0.000000
0.699646
2.599765
0.000000
0.000000
0.000000
0.000000
0.000000
0.000000
0.000000
0.000000
0.000000
134.657604
27.540095
0.000000
0.000000
0.000000
0.000000
0.000000
0.000000
0.000000
0.000000
14.015358
13.128980
0.000000
0.000000
0.000000
0.000000
0.000000
0.000000
0.000000
0.000000
0.000000
32.884002
1.486444
0.000000
0.000000
0.000000
0.000000
0.000000
0.000000
0.000000
0.000000
2.335180
26.329838
0.000000
0.000000
0.000000
0.000000
0.000000
0.000000
0.000000
0.000000
0.000000
18.681444
16.802444
65.603366
0.000000
0.000000
0.000000
0.000000
0.000000
0.000000
0.000000
2.335180
33.617008
0.000000
0.000000
0.000000
0.000000
0.000000
0.000000
0.000000
0.000000
0.000000
83.181425
18.111701
0.000000
0.000000
0.000000
0.000000
0.000000
0.000000
0.000000
0.000000
0.000000
112.780702
0.000000
0.000000
0.000000
0.000000
0.000000
0.000000
0.000000
0.000000
0.000000
17.651216
38.893888
0.000000
0.000000
0.000000
0.000000
0.000000
0.000000
0.000000
0.000000
35.889617
1.498298
10.861047
0.000000
0.000000
0.000000
0.000000
0.000000
0.000000
0.000000
0.000000
41.969872
46.369989
0.000000
0.000000
0.000000
0.000000
0.000000
0.000000
0.000000
0.000000
1.167590
33.361632
17.825341
0.000000
0.000000
0.000000
0.000000
0.000000
0.000000
0.000000
0.000000
41.382832
3.866293
0.000000
0.000000
0.000000
0.000000
0.000000
0.000000
0.000000
0.000000
0.000000
0.000000
0.000000
0.000000
0.000000
0.000000
0.000000
0.000000
0.000000
0.000000
0.000000
0.000000
0.000000
0.000000
0.000000
0.000000
0.000000
0.000000
0.000000
0.000000
0.000000
0.000000
0.000000
57.427685
12.261998
0.000000
0.000000
0.000000
0.000000
0.000000
0.000000
0.000000
19.849032
140.819299
0.000000
0.000000
0.000000
0.000000
0.000000
0.000000
0.000000
0.000000
0.000000
0.000000
12.467921
0.000000
0.000000
0.000000
0.000000
0.000000
0.000000
0.000000
0.000000
4.653217
76.474890
0.000000
0.000000
0.000000
0.000000
0.000000
0.000000
0.000000
0.000000
0.000000
8.747985
51.465849
0.000000
0.000000
0.000000
0.000000
0.000000
0.000000
0.000000
0.000000
0.000000
27.394503
17.599492
0.000000
0.000000
0.000000
0.000000
0.000000
0.000000
0.000000
0.000000
67.761514
82.573132
0.000000
0.000000
0.000000
0.000000
0.000000
0.000000
0.000000
0.000000
18.634744
89.746317
6.371813
0.000000
0.000000
0.000000
0.000000
0.000000
0.000000
0.000000
0.000000
72.548516
0.000000
0.000000
0.000000
0.000000
0.000000
0.000000
0.000000
0.000000
0.000000
0.000000
2.335180
0.000000
0.000000
0.000000
0.000000
0.000000
0.000000
0.000000
0.000000
0.000000
88.736849
9.907582
0.000000
0.000000
0.000000
0.000000
0.000000
0.000000
0.000000
0.000000
5.787942
126.739987
0.000000
0.000000
0.000000
0.000000
0.000000
0.000000
0.000000
0.000000
0.000000
45.920411
10.417293
0.000000
0.000000
0.000000
0.000000
0.000000
0.000000
0.000000
0.000000
3.502770
21.017211
0.000000
0.000000
0.000000
0.000000
0.000000
0.000000
0.000000
0.000000
0.000000
6.505214
21.344549
0.000000
0.000000
0.000000
0.000000
0.000000
0.000000
0.000000
0.000000
3.502771
66.396629
0.000000
0.000000
0.000000
0.000000
0.000000
0.000000
0.000000
0.000000
0.000000
1.743731
11.847058
0.000000
0.000000
0.000000
0.000000
0.000000
0.000000
0.000000
0.000000
1.885218
67.183347
0.000000
0.000000
0.000000
0.000000
0.000000
0.000000
0.000000
0.000000
0.000000
0.000000
0.000000
0.000000
0.000000
0.000000
0.000000
0.000000
0.000000
0.000000
0.000000
0.000000
136.608044
19.900451
15.608333
0.000000
0.000000
0.000000
0.000000
0.000000
0.000000
0.000000
7.005541
44.834191
26.766307
0.000000
0.000000
0.000000
0.000000
0.000000
0.000000
0.000000
0.000000
80.604841
7.677125
0.000000
0.000000
0.000000
0.000000
0.000000
0.000000
0.000000
0.000000
0.000000
13.904072
10.314634
0.000000
0.000000
0.000000
0.000000
0.000000
0.000000
0.000000
0.000000
67.720226
10.862479
12.545173
0.000000
0.000000
0.000000
0.000000
0.000000
0.000000
0.000000
14.011082
97.969195
41.340430
0.000000
0.000000
0.000000
0.000000
0.000000
0.000000
0.000000
0.000000
25.184769
54.876359
0.000000
0.000000
0.000000
0.000000
0.000000
0.000000
0.000000
0.000000
47.465130
111.471799
53.250579
0.000000
0.000000
0.000000
0.000000
0.000000
0.000000
0.000000
0.000000
55.177114
2.213060
0.000000
0.000000
0.000000
0.000000
0.000000
0.000000
0.000000
0.000000
0.000000
9.340721
0.000000
0.000000
0.000000
0.000000
0.000000
0.000000
0.000000
0.000000
0.000000
34.212984
5.537747
0.000000
0.000000
0.000000
0.000000
0.000000
0.000000
0.000000
0.000000
2.335180
49.851015
0.000000
0.000000
0.000000
0.000000
0.000000
0.000000
0.000000
0.000000
0.000000
76.417099
29.271451
0.000000
0.000000
0.000000
0.000000
0.000000
0.000000
0.000000
0.000000
16.335772
8.564482
37.699043
0.000000
0.000000
0.000000
0.000000
0.000000
0.000000
0.000000
0.000000
21.381881
101.656491
0.000000
0.000000
0.000000
0.000000
0.000000
0.000000
0.000000
0.000000
0.000000
69.931839
27.173572
0.000000
0.000000
0.000000
0.000000
0.000000
0.000000
0.000000
0.000000
77.737743
16.406551
0.000000
0.000000
0.000000
0.000000
0.000000
0.000000
0.000000
0.000000
0.000000
80.860474
0.000000
0.000000
0.000000
0.000000
0.000000
0.000000
0.000000
0.000000
0.000000
0.000000
0.000000
0.000000
0.000000
0.000000
0.000000
0.000000
0.000000
0.000000
0.000000
0.000000
46.703604
0.000000
0.000000
0.000000
0.000000
0.000000
0.000000
0.000000
0.000000
0.000000
0.000000
89.937497
15.218853
0.000000
0.000000
0.000000
0.000000
0.000000
0.000000
0.000000
0.000000
46.674015
2.577575
0.000000
0.000000
0.000000
0.000000
0.000000
0.000000
0.000000
0.000000
7.005540
56.860462
59.096876
0.000000
0.000000
0.000000
0.000000
0.000000
0.000000
0.000000
0.000000
85.892282
2.335180
0.000000
0.000000
0.000000
0.000000
0.000000
0.000000
0.000000
0.000000
8.173131
13.860381
0.000000
0.000000
0.000000
0.000000
0.000000
0.000000
0.000000
0.000000
0.000000
8.815704
66.552636
0.000000
0.000000
0.000000
0.000000
0.000000
0.000000
0.000000
0.000000
14.011081
19.600260
36.079949
0.000000
0.000000
0.000000
0.000000
0.000000
0.000000
0.000000
0.000000
54.985338
26.123284
0.000000
0.000000
0.000000
0.000000
0.000000
0.000000
0.000000
0.000000
4.670361
5.837948
0.000000
0.000000
0.000000
0.000000
0.000000
0.000000
0.000000
0.000000
0.000000
32.191721
22.594028
0.000000
0.000000
0.000000
0.000000
0.000000
0.000000
0.000000
0.000000
17.176946
48.848277
0.000000
0.000000
0.000000
0.000000
0.000000
0.000000
0.000000
0.000000
0.000000
15.833179
84.696853
0.000000
0.000000
0.000000
0.000000
0.000000
0.000000
0.000000
0.000000
8.173130
12.359183
62.942678
0.000000
0.000000
0.000000
0.000000
0.000000
0.000000
0.000000
0.000000
66.896194
88.225517
0.000000
0.000000
0.000000
0.000000
0.000000
0.000000
0.000000
0.000000
0.000000
71.074330
17.312551
0.000000
0.000000
0.000000
0.000000
0.000000
0.000000
0.000000
0.000000
60.865923
70.573709
0.000000
0.000000
0.000000
0.000000
0.000000
0.000000
0.000000
0.000000
0.000000
33.808982
0.000000
0.000000
0.000000
0.000000
0.000000
0.000000
0.000000
0.000000
0.000000
10.664873
0.000000
0.000000
0.000000
0.000000
0.000000
0.000000
0.000000
0.000000
0.000000
0.000000
27.592686
30.630625
0.000000
0.000000
0.000000
0.000000
0.000000
0.000000
0.000000
0.000000
8.173131
4.939924
12.915622
0.000000
0.000000
0.000000
0.000000
0.000000
0.000000
0.000000
0.000000
24.950134
2.296648
0.000000
0.000000
0.000000
0.000000
0.000000
0.000000
0.000000
0.000000
0.000000
45.104660
14.919873
0.000000
0.000000
0.000000
0.000000
0.000000
0.000000
0.000000
0.000000
36.469144
1.980768
0.000000
0.000000
0.000000
0.000000
0.000000
0.000000
0.000000
0.000000
0.000000
101.968600
11.961771
0.000000
0.000000
0.000000
0.000000
0.000000
0.000000
0.000000
0.000000
41.113482
87.569258
0.000000
0.000000
0.000000
0.000000
0.000000
0.000000
0.000000
0.000000
0.000000
11.314901
0.000000
0.000000
0.000000
0.000000
0.000000
0.000000
0.000000
0.000000
0.000000
69.176305
31.240781
0.000000
0.000000
0.000000
0.000000
0.000000
0.000000
0.000000
0.000000
23.351803
191.869601
0.000000
0.000000
0.000000
0.000000
0.000000
0.000000
0.000000
0.000000
0.000000
35.219919
0.000000
0.000000
0.000000
0.000000
0.000000
0.000000
0.000000
0.000000
0.000000
8.173131
10.508312
0.000000
0.000000
0.000000
0.000000
0.000000
0.000000
0.000000
0.000000
0.000000
14.011079
12.099213
0.000000
0.000000
0.000000
0.000000
0.000000
0.000000
0.000000
0.000000
0.000000
48.956087
0.000000
0.000000
0.000000
0.000000
0.000000
0.000000
0.000000
0.000000
0.000000
73.558179
0.000000
0.000000
0.000000
0.000000
0.000000
0.000000
0.000000
0.000000
0.000000
0.000000
82.825481
35.738851
0.000000
0.000000
0.000000
0.000000
0.000000
0.000000
0.000000
0.000000
39.042988
218.037970
0.000000
0.000000
0.000000
0.000000
0.000000
0.000000
0.000000
0.000000
17.513853
82.920514
0.000000
0.000000
0.000000
0.000000
0.000000
0.000000
0.000000
0.000000
0.000000
0.000000
0.000000
0.000000
0.000000
0.000000
0.000000
0.000000
0.000000
0.000000
0.000000
0.000000
0.000000
11.738340
0.000000
0.000000
0.000000
0.000000
0.000000
0.000000
0.000000
0.000000
2.335180
23.350709
0.000000
0.000000
0.000000
0.000000
0.000000
0.000000
0.000000
0.000000
0.000000
0.000000
0.000000
0.000000
0.000000
0.000000
0.000000
0.000000
0.000000
0.000000
0.000000
0.000000
5.028630
0.000000
0.000000
0.000000
0.000000
0.000000
0.000000
0.000000
0.000000
0.000000
2.896556
5.089799
0.000000
0.000000
0.000000
0.000000
0.000000
0.000000
0.000000
0.000000
4.674813
86.727768
14.971906
0.000000
0.000000
0.000000
0.000000
0.000000
0.000000
0.000000
0.000000
16.689345
29.271579
0.000000
0.000000
0.000000
0.000000
0.000000
0.000000
0.000000
0.000000
12.407456
13.826554
0.000000
0.000000
0.000000
0.000000
0.000000
0.000000
0.000000
0.000000
0.000000
49.934263
16.831319
0.000000
0.000000
0.000000
0.000000
0.000000
0.000000
0.000000
0.000000
0.000000
54.040804
23.031490
0.000000
0.000000
0.000000
0.000000
0.000000
0.000000
0.000000
0.000000
10.858595
7.929730
0.000000
0.000000
0.000000
0.000000
0.000000
0.000000
0.000000
0.000000
12.843491
2.335180
0.000000
0.000000
0.000000
0.000000
0.000000
0.000000
0.000000
0.000000
0.000000
1.588148
0.000000
0.000000
0.000000
0.000000
0.000000
0.000000
0.000000
0.000000
0.000000
0.000000
14.011081
0.000000
0.000000
0.000000
0.000000
0.000000
0.000000
0.000000
0.000000
0.000000
0.000000
0.000000
0.000000
0.000000
0.000000
0.000000
0.000000
0.000000
0.000000
0.000000
0.000000
32.692525
0.000000
0.000000
0.000000
0.000000
0.000000
0.000000
0.000000
0.000000
0.000000
61.882279
41.628194
0.000000
0.000000
0.000000
0.000000
0.000000
0.000000
0.000000
0.000000
10.571093
23.528640
0.000000
0.000000
0.000000
0.000000
0.000000
0.000000
0.000000
0.000000
0.000000
0.000000
0.000000
0.000000
0.000000
0.000000
0.000000
0.000000
0.000000
0.000000
0.000000
0.000000
0.000000
0.000000
0.000000
0.000000
0.000000
0.000000
0.000000
0.000000
0.000000
0.000000
0.000000
21.617164
0.000000
0.000000
0.000000
0.000000
0.000000
0.000000
0.000000
0.000000
0.000000
0.000000
0.000000
0.000000
0.000000
0.000000
0.000000
0.000000
0.000000
0.000000
0.000000
0.000000
9.640511
0.000000
0.000000
0.000000
0.000000
0.000000
0.000000
0.000000
0.000000
0.000000
0.000000
0.000000
0.000000
0.000000
0.000000
0.000000
0.000000
0.000000
0.000000
0.000000
3.499430
80.850798
0.000000
0.000000
0.000000
0.000000
0.000000
0.000000
0.000000
0.000000
0.000000
36.024583
31.832922
0.000000
0.000000
0.000000
0.000000
0.000000
0.000000
0.000000
0.000000
0.000000
19.002121
0.000000
0.000000
0.000000
0.000000
0.000000
0.000000
0.000000
0.000000
0.000000
0.000000
0.000000
0.000000
0.000000
0.000000
0.000000
0.000000
0.000000
0.000000
0.000000
0.000000
8.361564
0.000000
0.000000
0.000000
0.000000
0.000000
0.000000
0.000000
0.000000
0.000000
0.000000
0.000000
0.000000
0.000000
0.000000
0.000000
0.000000
0.000000
0.000000
0.000000
0.000000
0.000000
0.000000
0.000000
0.000000
0.000000
0.000000
0.000000
0.000000
0.000000
0.000000
23.928584
11.525956
0.000000
0.000000
0.000000
0.000000
0.000000
0.000000
0.000000
0.000000
0.000000
0.000000
0.000000
0.000000
0.000000
0.000000
0.000000
0.000000
0.000000
0.000000
0.000000
0.000000
0.000000
0.000000
0.000000
0.000000
0.000000
0.000000
0.000000
0.000000
0.000000
0.000000
0.000000
0.000000
0.000000
0.000000
0.000000
0.000000
0.000000
0.000000
0.000000
0.000000
0.000000
18.740285
0.000000
0.000000
0.000000
0.000000
0.000000
0.000000
0.000000
0.000000
5.248472
12.555882
0.000000
0.000000
0.000000
0.000000
0.000000
0.000000
0.000000
0.000000
0.000000
0.000000
